dataset_path: /Users/danielepessina/Documents/Local Uni/PersonalisedPBPK/nlme-remifentanil.xlsx
dataset_fingerprint: 300ac388634b31f1eb1e4faf850f2b0c2949472a625e3d3edf38636bbc02ace3
patient_count: 65
average_measurement_points: 30.646153846153847
minimum_measurement_points: 18
maximum_measurement_points: 52
average_age: 46.97753846153846
average_weight: 74.10461538461537
average_height: 172.4923076923077
average_bsa: 1.8686892307692307
average_dose_rate: 226.13953846153845
average_dose_duration: 10.401538461538461
fold_sizes:
- fold_index: 0
  train: 52
  test: 13
- fold_index: 1
  train: 52
  test: 13
- fold_index: 2
  train: 52
  test: 13
- fold_index: 3
  train: 52
  test: 13
- fold_index: 4
  train: 52
  test: 13
